;;; program: gsat version 42, June 2002
(setq *gsat-wff-file* "uf250-0100.cnf")
(setq *gsat-nvars* 250)
(setq *gsat-nclauses* 1065)
(setq *gsat-nlits* 3195)
(setq *gsat-max-flips* 300000)
(setq *gsat-max-tries* 100)

(setq *gsat-best-num-bad* 0)
(setq *gsat-assign-found* t )

;;; List of positive literals in the model
(setq *gsat-model-list* '( 
  1  2  7  8  9  10  11  12  13 
  14  15  19  21  22  23  28  29  30  31 
  32  33  34  37  38  41  42  45  48  50 
  53  55  56  60  61  62  63  64  67  68 
  70  73  77  79  80  81  82  88  90  93 
  94  96  97  100  101  103  105  106  109  110 
  113  114  115  119  120  122  123  125  126  128 
  129  132  133  134  135  136  138  139  141  143 
  145  146  147  149  150  151  152  153  155  159 
  163  164  168  171  172  174  176  179  180  183 
  184  186  187  189  192  193  195  196  197  200 
  203  204  206  207  208  210  212  213  215  216 
  217  220  221  223  224  225  226  227  232  234 
  238  239  240  243  246  247  248 
 ))

;;; Model vector; first element not used
(setq *current-propositional-model* (vector 0 
  1  1  0  0  0  0  1  1  1  1 
  1  1  1  1  1  0  0  0  1  0 
  1  1  1  0  0  0  0  1  1  1 
  1  1  1  1  0  0  1  1  0  0 
  1  1  0  0  1  0  0  1  0  1 
  0  0  1  0  1  1  0  0  0  1 
  1  1  1  1  0  0  1  1  0  1 
  0  0  1  0  0  0  1  0  1  1 
  1  1  0  0  0  0  0  1  0  1 
  0  0  1  1  0  1  1  0  0  1 
  1  0  1  0  1  1  0  0  1  1 
  0  0  1  1  1  0  0  0  1  1 
  0  1  1  0  1  1  0  1  1  0 
  0  1  1  1  1  1  0  1  1  0 
  1  0  1  0  1  1  1  0  1  1 
  1  1  1  0  1  0  0  0  1  0 
  0  0  1  1  0  0  0  1  0  0 
  1  1  0  1  0  1  0  0  1  1 
  0  0  1  1  0  1  1  0  1  0 
  0  1  1  0  1  1  1  0  0  1 
  0  0  1  1  0  1  1  1  0  1 
  0  1  1  0  1  1  1  0  0  1 
  1  0  1  1  1  1  1  0  0  0 
  0  1  0  1  0  0  0  1  1  1 
  0  0  1  0  0  1  1  1  0  0 
 
 ))

